     1     1
    GFSQ    25    12     1     0     0
     3 BACKWARD OMEGA   
  2025    12     1    21   40.000  -90.000    50.0
  2025    12     1    21   40.500  -90.500   100.0
  2025    12     1    21   39.500  -89.500    10.0
     1 PRESSURE
     1     1    25    12     1    21     0     3     0.0   40.000  -90.000     50.0    993.5
     2     1    25    12     1    21     0     3     0.0   40.500  -90.500    100.0    985.3
     3     1    25    12     1    21     0     3     0.0   39.500  -89.500     10.0    998.6
     1     1    25    12     1    20     0     2    -1.0   39.938  -90.000     58.8    993.0
     2     1    25    12     1    20     0     2    -1.0   40.410  -90.509    101.0    986.2
     3     1    25    12     1    20     0     2    -1.0   39.449  -89.490     14.2    999.0
     1     1    25    12     1    19     0     1    -2.0   39.866  -90.008     62.3    993.1
     2     1    25    12     1    19     0     1    -2.0   40.324  -90.525    102.2    987.2
     3     1    25    12     1    19     0     1    -2.0   39.387  -89.477     19.1    999.0
     1     1    25    12     1    18     0     0    -3.0   39.781  -90.027     60.0    994.0
     2     1    25    12     1    18     0     0    -3.0   40.245  -90.541    102.3    988.6
     3     1    25    12     1    18     0     0    -3.0   39.312  -89.458     22.7    998.7
     1     1    25    12     1    17     0     1    -4.0   39.694  -90.034     58.6    995.3
     2     1    25    12     1    17     0     1    -4.0   40.169  -90.544     99.3    991.5
     3     1    25    12     1    17     0     1    -4.0   39.240  -89.419     23.6    999.8
     1     1    25    12     1    16     0     2    -5.0   39.621  -90.005     61.6    995.9
     2     1    25    12     1    16     0     2    -5.0   40.092  -90.519     91.8    995.3
     3     1    25    12     1    16     0     2    -5.0   39.186  -89.353     23.6   1001.7
     1     1    25    12     1    15     0     3    -6.0   39.564  -89.937     67.3    996.5
     2     1    25    12     1    15     0     3    -6.0   40.023  -90.465     83.0    999.2
     3     1    25    12     1    15     0     3    -6.0   39.153  -89.262     23.6   1003.1
     1     1    25    12     1    14     0     2    -7.0   39.527  -89.853     70.2    996.9
     2     1    25    12     1    14     0     2    -7.0   39.972  -90.406     78.4    999.6
     3     1    25    12     1    14     0     2    -7.0   39.139  -89.160     24.5   1004.1
     1     1    25    12     1    13     0     1    -8.0   39.516  -89.777     67.9    997.4
     2     1    25    12     1    13     0     1    -8.0   39.946  -90.363     77.4    999.5
     3     1    25    12     1    13     0     1    -8.0   39.140  -89.061     27.5   1004.6
     1     1    25    12     1    12     0     0    -9.0   39.530  -89.708     62.4    998.5
     2     1    25    12     1    12     0     0    -9.0   39.943  -90.339     77.4    999.7
     3     1    25    12     1    12     0     0    -9.0   39.154  -88.957     31.8   1004.5
     1     1    25    12     1    11     0     1   -10.0   39.560  -89.668     57.4   1000.0
     2     1    25    12     1    11     0     1   -10.0   39.952  -90.337     76.5   1000.4
     3     1    25    12     1    11     0     1   -10.0   39.182  -88.865     34.1   1003.9
     1     1    25    12     1    10     0     2   -11.0   39.600  -89.676     53.9   1001.1
     2     1    25    12     1    10     0     2   -11.0   39.959  -90.356     74.1   1001.3
     3     1    25    12     1    10     0     2   -11.0   39.229  -88.805     34.2   1003.5
     1     1    25    12     1     9     0     3   -12.0   39.646  -89.732     52.1   1002.2
     2     1    25    12     1     9     0     3   -12.0   39.964  -90.396     71.0   1002.3
     3     1    25    12     1     9     0     3   -12.0   39.303  -88.781     34.1   1003.3
     1     1    25    12     1     8     0     2   -13.0   39.687  -89.812     51.9   1002.0
     2     1    25    12     1     8     0     2   -13.0   39.967  -90.448     68.9   1003.1
     3     1    25    12     1     8     0     2   -13.0   39.388  -88.792     34.1   1003.4
     1     1    25    12     1     7     0     1   -14.0   39.713  -89.891     51.9   1001.4
     2     1    25    12     1     7     0     1   -14.0   39.970  -90.513     68.4   1003.6
     3     1    25    12     1     7     0     1   -14.0   39.473  -88.828     34.0   1003.1
     1     1    25    12     1     6     0     0   -15.0   39.726  -89.969     51.9   1000.7
     2     1    25    12     1     6     0     0   -15.0   39.972  -90.590     71.8   1002.5
     3     1    25    12     1     6     0     0   -15.0   39.562  -88.888     35.0   1002.5
     1     1    25    12     1     5     0     1   -16.0   39.737  -90.040     52.1   1001.3
     2     1    25    12     1     5     0     1   -16.0   39.987  -90.665     79.8   1000.2
     3     1    25    12     1     5     0     1   -16.0   39.652  -88.969     38.4   1002.3
     1     1    25    12     1     4     0     2   -17.0   39.761  -90.106     52.3   1002.0
     2     1    25    12     1     4     0     2   -17.0   40.034  -90.731     89.2    997.7
     3     1    25    12     1     4     0     2   -17.0   39.738  -89.062     42.4   1002.1
     1     1    25    12     1     3     0     3   -18.0   39.802  -90.166     50.3   1003.1
     2     1    25    12     1     3     0     3   -18.0   40.124  -90.790     96.7    996.3
     3     1    25    12     1     3     0     3   -18.0   39.810  -89.165     46.0   1002.3
     1     1    25    12     1     2     0     2   -19.0   39.862  -90.236     44.6   1004.6
     2     1    25    12     1     2     0     2   -19.0   40.237  -90.866     99.1    995.8
     3     1    25    12     1     2     0     2   -19.0   39.885  -89.279     51.1   1002.5
     1     1    25    12     1     1     0     1   -20.0   39.936  -90.329     37.7   1006.7
     2     1    25    12     1     1     0     1   -20.0   40.342  -90.984    102.4    994.5
     3     1    25    12     1     1     0     1   -20.0   39.982  -89.411     60.9   1001.6
