     1     1
    GFSQ    25    12     1     0     0
     1 FORWARD  OMEGA   
    25    12     1     0   40.000  -90.000   100.0
     1 PRESSURE
     1     1    25    12     1     0     0     0     0.0   40.000  -90.000    100.0    996.2
     1     1    25    12     1     1     0     1     1.0   39.879  -89.863     96.7    996.7
     1     1    25    12     1     2     0     2     2.0   39.764  -89.772     90.0    997.4
     1     1    25    12     1     3     0     3     3.0   39.667  -89.734     82.2    998.4
     1     1    25    12     1     4     0     2     4.0   39.594  -89.727     77.2    998.8
     1     1    25    12     1     5     0     1     5.0   39.552  -89.707     75.7    998.6
     1     1    25    12     1     6     0     0     6.0   39.543  -89.662     75.7    998.5
     1     1    25    12     1     7     0     1     7.0   39.533  -89.596     78.1    998.5
     1     1    25    12     1     8     0     2     8.0   39.501  -89.527     84.5    997.3
     1     1    25    12     1     9     0     3     9.0   39.445  -89.460     98.2    995.1
     1     1    25    12     1    10     0     2    10.0   39.382  -89.433    114.8    992.7
     1     1    25    12     1    11     0     1    11.0   39.332  -89.470    125.9    990.8
     1     1    25    12     1    12     0     0    12.0   39.296  -89.564    129.9    989.6
     1     1    25    12     1    13     0     1    13.0   39.281  -89.681    130.1    989.6
     1     1    25    12     1    14     0     2    14.0   39.296  -89.788    129.1    989.9
     1     1    25    12     1    15     0     3    15.0   39.338  -89.890    123.2    990.4
     1     1    25    12     1    16     0     2    16.0   39.398  -89.965    115.4    989.9
     1     1    25    12     1    17     0     1    17.0   39.472  -89.993    111.3    989.5
     1     1    25    12     1    18     0     0    18.0   39.562  -89.974    113.1    988.2
     1     1    25    12     1    19     0     1    19.0   39.652  -89.949    120.8    985.5
     1     1    25    12     1    20     0     2    20.0   39.734  -89.941    128.0    983.3
