     1     1
    GFSQ    25    12     1     0     0
     1 BACKWARD OMEGA   
    25    12     1    20   40.000  -90.000   100.0
     1 PRESSURE
     1     1    25    12     1    20     0     2     0.0   40.000  -90.000    100.0    988.3
     1     1    25    12     1    19     0     1    -1.0   39.926  -90.010    101.9    988.6
     1     1    25    12     1    18     0     0    -2.0   39.841  -90.028     97.5    989.7
     1     1    25    12     1    17     0     1    -3.0   39.753  -90.033     89.0    991.2
     1     1    25    12     1    16     0     2    -4.0   39.677  -90.001     84.5    992.8
     1     1    25    12     1    15     0     3    -5.0   39.617  -89.932     85.4    994.2
     1     1    25    12     1    14     0     2    -6.0   39.578  -89.847     85.9    995.0
     1     1    25    12     1    13     0     1    -7.0   39.566  -89.771     82.2    995.9
     1     1    25    12     1    12     0     0    -8.0   39.579  -89.702     75.4    997.2
     1     1    25    12     1    11     0     1    -9.0   39.610  -89.662     68.8    998.8
     1     1    25    12     1    10     0     2   -10.0   39.651  -89.671     63.8   1000.2
     1     1    25    12     1     9     0     3   -11.0   39.700  -89.729     61.1   1001.4
     1     1    25    12     1     8     0     2   -12.0   39.744  -89.813     60.8   1001.2
     1     1    25    12     1     7     0     1   -13.0   39.775  -89.897     60.7   1000.6
     1     1    25    12     1     6     0     0   -14.0   39.793  -89.980     60.7   1000.2
     1     1    25    12     1     5     0     1   -15.0   39.811  -90.059     60.3   1001.1
     1     1    25    12     1     4     0     2   -16.0   39.843  -90.131     57.9   1002.3
     1     1    25    12     1     3     0     3   -17.0   39.892  -90.199     49.1   1004.6
     1     1    25    12     1     2     0     2   -18.0   39.950  -90.275     35.8   1007.1
     1     1    25    12     1     1     0     1   -19.0   40.012  -90.369     26.5   1008.7
     1     1    25    12     1     0     0     0   -20.0   40.077  -90.482     24.2   1008.0
